0 0 -50
0 1 0
10


0.7 0.7 0.7 1.0
1.0 1.0 1.0 1.0
10 0 0 1

0 0 0

8

8

10000000000
2
0 9 1
0 0 0
1 1 0.5 1

100
1
10 0 0
0 100 0
0.5 0.5 1 1

100
1.5
20 0 0 
0 -100 0
0 1 0 1

100
1.5
30 0 0 
0 100 0
1 1 0.5 1

100
1.5
40 0 0 
0 -100 0
1 0.5 1 1

1000000
2
-30 0 10
0 30 0
0 1 0 1

100
1
-33 0 10
0 100 0
0.5 0.5 0.5 1

10000000000
0.5
0 -10 0
0 0 0
0.5 0.5 0.5 1

0
0


1

100
0 10 0
10 10 10
0 0 0
<<<<<<< .mine
20 20 20
=======
1.0 0.5 0.5 1

1

100
6
>>>>>>> .r20
0 0 0
100 0 0
0 0 1 1
