1
100 60 100
0
1
0
0
0 0 50
0 1 0
0
0.7 0.7 0.7 1.0
1.0 1.0 1.0 1.0
10 0 0
0 -100 0
0
10
10
0
0

100000
0
0 0 0
0 0 0
0.5 0.5 0 1

100
1
10 0 0
-10 0 0
0.5 0.5 0.5 1

100
1
-10 0 0 
10 0 0
0.5 0.5 0.5 1

100
1
-10 0 0 
10 0 0
0.5 0.5 0.5 1

100
1
-10 0 0 
10 0 0
0.5 0.5 0.5 1

100
1
-10 2 0 
10 0 0
0.5 0.5 0.5 1

100
1
-10 4 0 
10 0 0
0.5 0.5 0.5 1

100
1
-10 6 0 
10 0 0
0.5 0.5 0.5 1

100
1
-10 8 0 
10 0 0
0.5 0.5 0.5 1

100
1
-10 10 0 
10 0 0
0.5 0.5 0.5 1
