0.5
100 60 100
0
0
0
1
0 0 3500
1 0 0 0
0
0.5 0.5 0.5 1.0
0.5 0.5 0.5 1.0
0 1000 1000
0 -1 0

0

7

Sphere
100
68
-800 0 68
-10 0 0
0.15 0.15 0.15 1

Sphere
100
68
100 0 68
-10 0 0
1 1 1 1

Plane
1
100 1800
1775 0 50
0 0 0
0 1 0 90
0 1 0 0
1 1 0.1 1

Plane
1
100 1800
-1825 0 50
0 0 0
0 1 0 90
0 1 0 0
1 1 0.1 1

Plane
1
3600 100
0 925 50
0 0 0
1 0 0 90
0 1 0 0
1 1 0.1 1

Plane
1
3600 100
0 -875 50
0 0 0
1 0 0 90
0 1 0 0
1 1 0.1 1

Plane
1
3600 1800
0 0 0
0 0 0
1 0 0 0
0 0 1 0
0.1 1 0.1 1

Box
1
10 10 10
0 0 0
0 0 0
0 0 1 0
0 0 1 0
1 0.1 0.1 1

1000
0 50 0
0 -10 0
0.5 0.5 0.5 1.0
data/Simple.x3d

1000
0 50 0
0 -10 0
0.5 0.5 0.5 1.0
data/Test.x3d

100
100 2 100
0 -16 0
0 0 0
1 0 0 0
1 0 0 0
0.5 0.5 0.5 1.0

1000
0 50 0
0 -10 0
0.5 0.5 0.5 1.0
data/Test.x3d

1000
0 50 0
0 -10 0
0.5 0.5 0.5 1.0
data/Victory.x3d

1000
0 50 0
0 -10 0
0.5 0.5 0.5 1.0
22
data/Ship.x3d

100000
1000 2 1000
0 0 0
0 0 0
0 0 1 0
0 0 1 0
0.2 0.2 0.8 0.8