0.1

1
0
0
0

0 0 10000
0 0 1 0
1

0.7 0.7 0.7 1.0
1.0 1.0 1.0 1.0
10 0 0

0 0 0

0

9

9
0
0

1988500
39.551
0 0 0
0 0 0
1 1 1 1

0.33022
2.4397
69.817445 0 0
0 4736 0
1 0 0 1

4.8685
6.0518
108.942109 0 0
0 3502 0
0.75 0.75 1 1

5.9726
6.371
152.098232 0 0
0 2978.3 0
0.5 0.5 1 1

0.64185
3.3895
249.232 0 0
0 2413 0
1 0 0 1

1898.6
69.911
816.5208 0 0
0 1307 0
1 0.5 0 1

568.46
60.268
1513.325783 0 0
0 969 0
0.5 0.5 0.75 1

86.832
25.559
3004.419704 0 0
0 681 0
0.25 0.25 1 1

102.43
24.764
4553.946490 0 0
0 543.49 0
0.5 0.5 1 1