1
15 54 54000 
1
0
0
0
69.2427 0 2.8523 
0 -1 0 78
1
0.5 0.5 0.5 1 
0.5 0.5 0.5 1 
0 10 0 
0 0 0 
0
5
5
0
0
1000
0.25
0.0542474 -0.0309724 -0.0335448
-0.0702576 -0.747918 -0.0268696
0.7 0.7 0.7 1
10
1
2.61738 -3.97926 -4.33952
37.516 103.222 -35.118
1 0 0 0.5
10
1
6.09313 5.84813 7.78708
42.7653 -28.3428 42.2795
0 1 0 0.5
10
1
-6.73342 6.5445 -17.8604
-37.6212 -63.1312 14.1937
0 0 1 0.5
10
1
-7.49588 -5.36366 17.7465
-35.6394 63.0383 -18.6706
1 1 0 0.5
