-30 0 -50
0 0 0

0.2 0.2 0.2 1.0
1.0 1.0 1.0 1.0
0 0 -5 1

0 -100 0

10

100000
2
0 0 0
0 0 0
0.5 0.5 0 1

100
1
10 0 0
-10 0 0
0 0.5 0 1

100
1.5
-10 0 0 
10 0 0
0.5 0.5 0.5 1

100
1.5
-10 0 0 
10 0 0
0.5 0.5 0.5 1

100
1.5
-10 0 0 
10 0 0
0.5 0.5 0.5 1

100
1.5
-10 2 0 
10 0 0
0.5 0.5 0.5 1

100
1.5
-10 4 0 
10 0 0
0.5 0.5 0.5 1

100
1.5
-10 6 0 
10 0 0
0.5 0.5 0.5 1

100
1.5
-10 8 0 
10 0 0
0.5 0.5 0.5 1

100
1.5
-10 10 0 
10 0 0
0.5 0.5 0.5 1

1

100
0 0 0
3 3 3
0 0 0
0 0.6 0 1

1

100
3
10
0 0 0
0 90 0 180
1 0 0 1